 X 	 Q2 	 Stat_Error 	 Rel_Stat_Error 	 Apv_fixed  	 Apv_PDF  	  Uncor 	 corr 	  pdf_err 0.150   3.50         0.0000149514         0.0487175425        -0.0003069003        -0.0003055188         0.0028284271         0.0044721360         0.0000014854 
 0.250   3.50         0.0000036892         0.0120155783        -0.0003070313        -0.0003522351         0.0028284271         0.0044721360         0.0000017052 
 0.250   4.50         0.0000027769         0.0069028205        -0.0004022820        -0.0004229760         0.0028284271         0.0044721360         0.0000021647 
 0.250   5.50         0.0000257050         0.0521271893        -0.0004931204        -0.0004887928         0.0028284271         0.0044721360         0.0000025777 
 0.350   4.50         0.0000022916         0.0057973624        -0.0003952779        -0.0004597186         0.0028284271         0.0044721360         0.0000025231 
 0.350   5.50         0.0000018297         0.0037177303        -0.0004921525        -0.0005256284         0.0028284271         0.0044721360         0.0000030186 
 0.350   6.50         0.0000041258         0.0070129810        -0.0005883026        -0.0006068538         0.0028284271         0.0044721360         0.0000036689 
 0.450   5.50         0.0000026037         0.0053819326        -0.0004837802        -0.0005579974         0.0028284271         0.0044721360         0.0000036815 
 0.450   6.50         0.0000020749         0.0035706728        -0.0005811078        -0.0006213020         0.0028284271         0.0044721360         0.0000042991 
 0.450   7.50         0.0000031563         0.0046485919        -0.0006789739        -0.0007093204         0.0028284271         0.0044721360         0.0000051031 
 0.450   8.50         0.0000113596         0.0146504551        -0.0007753765        -0.0007859621         0.0028284271         0.0044721360         0.0000061024 
 0.550   6.50         0.0000036002         0.0062666028        -0.0005745114        -0.0006408996         0.0028284271         0.0044721360         0.0000056857 
 0.550   7.50         0.0000033264         0.0049482447        -0.0006722467        -0.0007097217         0.0028284271         0.0044721360         0.0000068998 
 0.550   8.50         0.0000040317         0.0052294381        -0.0007709554        -0.0008069863         0.0028284271         0.0044721360         0.0000079813 
 0.550   9.50         0.0000086958         0.0100019835        -0.0008694047        -0.0008879545         0.0028284271         0.0044721360         0.0000100477 
 0.650   7.50         0.0000059578         0.0088551550        -0.0006728103        -0.0007213628         0.0028284271         0.0044721360         0.0000114231 
 0.650   8.50         0.0000061382         0.0079539333        -0.0007717243        -0.0007984796         0.0028284271         0.0044721360         0.0000134970 
 0.650   9.50         0.0000066734         0.0076553412        -0.0008717349        -0.0009022793         0.0028284271         0.0044721360         0.0000151602 
 0.650  10.50         0.0000113283         0.0116540993        -0.0009720434        -0.0009834016         0.0028284271         0.0044721360         0.0000193410 
 0.750   8.50         0.0000167258         0.0210631603        -0.0007940761        -0.0007915215         0.0028284271         0.0044721360         0.0000205960 
 0.750   9.50         0.0000150490         0.0167889169        -0.0008963660        -0.0008928125         0.0028284271         0.0044721360         0.0000236547 
 0.750  10.50         0.0000153388         0.0153429334        -0.0009997285        -0.0009969806         0.0028284271         0.0044721360         0.0000267072 
 0.750  11.50         0.0000208749         0.0189146756        -0.0011036363        -0.0010752442         0.0028284271         0.0044721360         0.0000325993 
