 X 	 Q2 	 Stat_Error 	 Rel_Stat_Error 	 Apv_fixed  	 Apv_PDF  	  Uncor 	 corr 	  pdf_err 0.150   3.50         0.0000149514         0.0476405447        -0.0003138383        -0.0003116574         0.0028284271         0.0044721360         0.0000013844 
 0.250   3.50         0.0000036892         0.0118936929        -0.0003101778        -0.0003583307         0.0028284271         0.0044721360         0.0000019844 
 0.250   4.50         0.0000027769         0.0068419492        -0.0004058610        -0.0004275891         0.0028284271         0.0044721360         0.0000024856 
 0.250   5.50         0.0000257050         0.0516988943        -0.0004972057        -0.0004922673         0.0028284271         0.0044721360         0.0000029418 
 0.350   4.50         0.0000022916         0.0058182476        -0.0003938590        -0.0004619467         0.0028284271         0.0044721360         0.0000027088 
 0.350   5.50         0.0000018297         0.0037341924        -0.0004899829        -0.0005256743         0.0028284271         0.0044721360         0.0000031976 
 0.350   6.50         0.0000041258         0.0070484913        -0.0005853387        -0.0006040272         0.0028284271         0.0044721360         0.0000043881 
 0.450   5.50         0.0000026037         0.0054901099        -0.0004742478        -0.0005540870         0.0028284271         0.0044721360         0.0000048501 
 0.450   6.50         0.0000020749         0.0036459425        -0.0005691109        -0.0006172165         0.0028284271         0.0044721360         0.0000059148 
 0.450   7.50         0.0000031563         0.0047501925        -0.0006644515        -0.0007049148         0.0028284271         0.0044721360         0.0000076353 
 0.450   8.50         0.0000113596         0.0149784516        -0.0007583973        -0.0007826800         0.0028284271         0.0044721360         0.0000103334 
 0.550   6.50         0.0000036002         0.0064668799        -0.0005567190        -0.0006404750         0.0028284271         0.0044721360         0.0000099006 
 0.550   7.50         0.0000033264         0.0051103302        -0.0006509249        -0.0007094056         0.0028284271         0.0044721360         0.0000116428 
 0.550   8.50         0.0000040317         0.0054042188        -0.0007460215        -0.0008057904         0.0028284271         0.0044721360         0.0000135581 
 0.550   9.50         0.0000086958         0.0103414058        -0.0008408694        -0.0008878844         0.0028284271         0.0044721360         0.0000171140 
 0.650   7.50         0.0000059578         0.0092572618        -0.0006435856        -0.0007241056         0.0028284271         0.0044721360         0.0000166162 
 0.650   8.50         0.0000061382         0.0083183951        -0.0007379120        -0.0008001491         0.0028284271         0.0044721360         0.0000181578 
 0.650   9.50         0.0000066734         0.0080088330        -0.0008332585        -0.0009022364         0.0028284271         0.0044721360         0.0000207089 
 0.650  10.50         0.0000113283         0.0121957153        -0.0009288746        -0.0009831038         0.0028284271         0.0044721360         0.0000264676 
 0.750   8.50         0.0000167258         0.0225765441        -0.0007408465        -0.0008080394         0.0028284271         0.0044721360         0.0000416913 
 0.750   9.50         0.0000150490         0.0180213283        -0.0008350669        -0.0009083814         0.0028284271         0.0044721360         0.0000538819 
 0.750  10.50         0.0000153388         0.0164904130        -0.0009301628        -0.0010118845         0.0028284271         0.0044721360         0.0000661243 
 0.750  11.50         0.0000208749         0.0203518999        -0.0010256990        -0.0010920604         0.0028284271         0.0044721360         0.0000933866 
