 X 	 Q2 	 Stat_Error 	 Rel_Stat_Error 	 Apv_fixed  	 Apv_PDF  	  Uncor 	 corr 	  pdf_err 0.150   3.50         0.0000149514         0.0478982658        -0.0003121496        -0.0003104695         0.0028284271         0.0044721360         0.0000008178 
 0.250   3.50         0.0000036892         0.0119532417        -0.0003086325        -0.0003565675         0.0028284271         0.0044721360         0.0000008708 
 0.250   4.50         0.0000027769         0.0068750353        -0.0004039078        -0.0004257890         0.0028284271         0.0044721360         0.0000009237 
 0.250   5.50         0.0000257050         0.0519432246        -0.0004948669        -0.0004906015         0.0028284271         0.0044721360         0.0000010201 
 0.350   4.50         0.0000022916         0.0058242855        -0.0003934507        -0.0004608407         0.0028284271         0.0044721360         0.0000009606 
 0.350   5.50         0.0000018297         0.0037374273        -0.0004895588        -0.0005255387         0.0028284271         0.0044721360         0.0000011256 
 0.350   6.50         0.0000041258         0.0070535246        -0.0005849210        -0.0006051738         0.0028284271         0.0044721360         0.0000014411 
 0.450   5.50         0.0000026037         0.0054465991        -0.0004780364        -0.0005557707         0.0028284271         0.0044721360         0.0000014605 
 0.450   6.50         0.0000020749         0.0036157484        -0.0005738634        -0.0006183751         0.0028284271         0.0044721360         0.0000017567 
 0.450   7.50         0.0000031563         0.0047095959        -0.0006701791        -0.0007054659         0.0028284271         0.0044721360         0.0000021814 
 0.450   8.50         0.0000113596         0.0148480605        -0.0007650574        -0.0007814477         0.0028284271         0.0044721360         0.0000027170 
 0.550   6.50         0.0000036002         0.0063967150        -0.0005628256        -0.0006379144         0.0028284271         0.0044721360         0.0000022965 
 0.550   7.50         0.0000033264         0.0050548022        -0.0006580754        -0.0007059387         0.0028284271         0.0044721360         0.0000025725 
 0.550   8.50         0.0000040317         0.0053454987        -0.0007542166        -0.0008019769         0.0028284271         0.0044721360         0.0000030332 
 0.550   9.50         0.0000086958         0.0102292516        -0.0008500888        -0.0008821962         0.0028284271         0.0044721360         0.0000035717 
 0.650   7.50         0.0000059578         0.0091871250        -0.0006484988        -0.0007201004         0.0028284271         0.0044721360         0.0000033164 
 0.650   8.50         0.0000061382         0.0082584448        -0.0007432687        -0.0007967403         0.0028284271         0.0044721360         0.0000044470 
 0.650   9.50         0.0000066734         0.0079537719        -0.0008390268        -0.0008994419         0.0028284271         0.0044721360         0.0000053452 
 0.650  10.50         0.0000113283         0.0121153961        -0.0009350326        -0.0009806674         0.0028284271         0.0044721360         0.0000084218 
 0.750   8.50         0.0000167258         0.0227540496        -0.0007350671        -0.0007939749         0.0028284271         0.0044721360         0.0000118298 
 0.750   9.50         0.0000150490         0.0181468082        -0.0008292926        -0.0008953723         0.0028284271         0.0044721360         0.0000149492 
 0.750  10.50         0.0000153388         0.0165922402        -0.0009244543        -0.0009996906         0.0028284271         0.0044721360         0.0000191914 
 0.750  11.50         0.0000208749         0.0204640620        -0.0010200772        -0.0010834143         0.0028284271         0.0044721360         0.0000333881 
